# Created by Octave 6.3.0, Mon Oct 11 17:00:56 2021 GMT <unknown@Desktop-Paulo>
# name: CumCases
# type: matrix
# rows: 365
# columns: 1
 1.0000000000000001e-05
 1.373601563341193e-05
 1.8431879947519198e-05
 2.4328659005689704e-05
 3.1726609268557088e-05
 4.0999016455664602e-05
 5.2610595190667422e-05
 6.7135753283420192e-05
 8.5291757492865993e-05
 0.00010796565416131832
 0.00013623833977028537
 0.00017148011436633067
 0.00021537885052810642
 0.00027000026881533344
 0.00033781718690753445
 0.00042189243693796979
 0.00052620436988260648
 0.00065565413630923395
 0.00081606568637746055
 0.0010142982261262567
 0.0012590673290208522
 0.0015607580825124311
 0.0019326160340523435
 0.0023909442095642816
 0.0029551031134442719
 0.0036477374650177542
 0.0044970408530658314
 0.0055367139370768193
 0.0068085905090495358
 0.0083631552265782932
 0.010259543612852891
 0.01256596426875428
 0.015365085979883413
 0.018756226640929827
 0.022855683827390075
 0.0277969419148947
 0.033730672079208115
 0.040822373613014648
 0.049258960957150863
 0.059266868830692349
 0.07107042404425222
 0.084887639424197359
 0.1009302138126487
 0.11940104463157504
 0.14045390677869987
 0.16423262615002926
 0.1907905041119935
 0.22006345537011876
 0.25187000796902714
 0.28591130329243641
 0.32177693815535957
 0.35902620079126618
 0.39703990252758864
 0.43519508183485422
 0.47292949156260128
 0.50974159893937943
 0.54519058557275057
 0.57889634744928609
 0.61053949493457083
 0.63989697391991118
 0.66694299762288145
 0.69170686893884459
 0.71424500026539794
 0.73464151964273627
 0.7530082707536544
 0.76948481292354187
 0.78423842112038944
 0.79746408595478702
 0.80934783695133761
 0.81996826405434353
 0.82946646910462762
 0.83797690049090545
 0.84561871585277593
 0.85249578208072341
 0.85869667531611793
 0.86429468095121276
 0.86934779362914649
 0.87389871724394597
 0.87797486494051535
 0.88160936108999799
 0.88489055246568649
 0.88785676839272709
 0.8905389068649654
 0.89296557447673719
 0.89516308642286957
 0.89715546649867917
 0.89896444709997503
 0.90060946922305396
 0.90210768246470507
 0.90347394889350396
 0.90472109202985818
 0.90585918789292597
 0.90689714852537129
 0.90784343720928573
 0.90870606846618851
 0.90949260805702414
 0.91021017298216733
 0.91086543148141674
 0.91146460303400123
 0.91201345835857406
 0.9125173114025662
 0.91297981856714694
 0.91340364689170306
 0.91379174992998469
 0.91414694743533609
 0.91447192536069899
 0.91476923585861181
 0.91504129728120964
 0.91529039418022329
 0.91551867730698056
 0.91572816361240528
 0.91592071629943284
 0.9160975706089729
 0.91625978965691346
 0.91640848539109521
 0.91654471771251811
 0.91666949447533819
 0.91678377148687051
 0.91688845250758855
 0.91698438925112091
 0.91707238138425806
 0.91715317652694339
 0.91722738868866838
 0.91729546847994436
 0.91735787775666122
 0.91741505686531011
 0.91746742453611319
 0.91751537788302551
 0.91755929240373546
 0.9175995219796621
 0.91763639887596116
 0.91767023374151291
 0.91770129025167257
 0.91772976476651913
 0.91775585265712512
 0.91777974019063591
 0.91780160439133596
 0.91782161304064713
 0.91783992467713049
 0.9178566885964865
 0.91787204485155172
 0.9178861242462456
 0.91789903538209583
 0.91791086253894816
 0.91792168881830927
 0.91793159331996899
 0.91794065114200507
 0.91794893338077965
 0.91795650713094201
 0.91796343548542569
 0.91796977753545128
 0.91797558816852198
 0.9179809111380558
 0.91798578239944362
 0.91799023684080927
 0.91799430769706525
 0.91799802654991336
 0.91800142332784418
 0.91800452630613971
 0.91800736210686829
 0.91800995569888855
 0.91801233035618812
 0.918014505170898
 0.91801649462865653
 0.9180183124579967
 0.91801997185909601
 0.91802148550377716
 0.91802286553550905
 0.91802412356940422
 0.91802527069222062
 0.91802631746236218
 0.91802727390987982
 0.91802814953646561
 0.91802895249707051
 0.91802968764909343
 0.91803035951238166
 0.91803097251571986
 0.91803153097895895
 0.9180320391130169
 0.91803250101987677
 0.91803292069258902
 0.91803330201526889
 0.9180336487631009
 0.91803396460233244
 0.9180342530902792
 0.91803451767532274
 0.91803476137258333
 0.91803498515469228
 0.91803519000852896
 0.91803537701982707
 0.91803554727994241
 0.91803570188585426
 0.91803584194016508
 0.9180359685510997
 0.91803608283250715
 0.91803618590385772
 0.91803627889024686
 0.91803636292239099
 0.9180364391366308
 0.91803650867492981
 0.91803657268487449
 0.91803663231967247
 0.91803668804851202
 0.91803673950401921
 0.9180367867979472
 0.91803683006089842
 0.91803686944029173
 0.91803690510036151
 0.91803693722215984
 0.91803696600355333
 0.91803699165922603
 0.91803701442067709
 0.91803703453622321
 0.91803705227099586
 0.91803706790694373
 0.91803708174283094
 0.91803709409423873
 0.91803710529356275
 0.91803711569001634
 0.9180371256496318
 0.91803713555524946
 0.91803714536802017
 0.9180371546389795
 0.91803716332542629
 0.91803717139485896
 0.91803717882278979
 0.91803718559274716
 0.9180371916962714
 0.9180371971329192
 0.91803720191026073
 0.91803720604388017
 0.91803720955737678
 0.9180372124823637
 0.91803721485846879
 0.91803721673333372
 0.91803721816261441
 0.91803721920998316
 0.91803721994712284
 0.91803722045373426
 0.91803722081753059
 0.91803722113423858
 0.91803722150760259
 0.91803722204937854
 0.91803722287933742
 0.91803722412499755
 0.91803722562932155
 0.91803722715694425
 0.91803722867864135
 0.918037230167848
 0.91803723160065831
 0.91803723295582607
 0.91803723421476369
 0.91803723536154314
 0.91803723638289603
 0.91803723726821296
 0.91803723800954351
 0.91803723860159647
 0.91803723904174084
 0.91803723933000381
 0.9180372394690719
 0.91803723946429261
 0.91803723932366932
 0.91803723905786805
 0.91803723868021236
 0.91803723820668504
 0.91803723765592915
 0.91803723704924534
 0.91803723641059565
 0.91803723576659924
 0.91803723514653612
 0.91803723458234632
 0.91803723410862559
 0.91803723376263302
 0.91803723358428158
 0.91803723361615108
 0.91803723390347758
 0.91803723441354235
 0.91803723497736534
 0.91803723557219519
 0.91803723618300359
 0.91803723679593086
 0.91803723739828613
 0.91803723797854653
 0.91803723852635744
 0.91803723903253287
 0.91803723948905547
 0.91803723988907571
 0.91803724022691258
 0.91803724049805413
 0.91803724069915549
 0.91803724082804117
 0.91803724088370464
 0.91803724086630556
 0.91803724077717419
 0.91803724061880809
 0.91803724039487422
 0.91803724011020571
 0.91803723977080665
 0.91803723938384718
 0.91803723895766942
 0.9180372385017791
 0.91803723802685344
 0.91803723754473754
 0.91803723706844442
 0.91803723661215586
 0.91803723619122102
 0.91803723582216079
 0.91803723552265948
 0.918037235311573
 0.91803723520892522
 0.91803723523590774
 0.91803723541488103
 0.91803723575482865
 0.91803723611674826
 0.91803723645916269
 0.91803723678100557
 0.91803723708137508
 0.91803723735953313
 0.91803723761490541
 0.91803723784708224
 0.91803723805581749
 0.91803723824102956
 0.91803723840280005
 0.9180372385413752
 0.91803723865716591
 0.9180372387507455
 0.91803723882285293
 0.91803723887439015
 0.91803723890642375
 0.91803723892018385
 0.91803723891706523
 0.9180372388986261
 0.91803723886658928
 0.91803723882284116
 0.91803723876943155
 0.91803723870857756
 0.91803723864265518
 0.91803723857420783
 0.91803723850594321
 0.91803723844073115
 0.91803723838160622
 0.91803723833176976
 0.91803723829458084
 0.91803723827356942
 0.91803723827242534
 0.91803723829500383
 0.91803723834532336
 0.91803723842757068
 0.91803723854608588
 0.91803723867291709
 0.91803723877569865
 0.91803723885795241
 0.91803723892290257
 0.91803723897344214
 0.91803723901213752
 0.9180372390412247
 0.91803723906261181
 0.91803723907787749
 0.91803723908827117
 0.91803723909471402
 0.91803723909779822
 0.91803723909778667
 0.91803723909461432
 0.91803723908788348
 0.91803723907687518


